x = 4
y = 8

x = 0
y = 2

 x-x1   y-y1
x2-x1  y2-y1

x-4 y-8 y-8
-4  2-8  -6

(x-1)/(-4) = (y-4)/(-3) ; x = 1 + 4(y-8)/6

y = 3 x = 0.66666667 / 2
y = 4 x = 1.33333333 / 4
y = 5 x = 2          / 6
y = 6 x = 2.66666667 / 8
